# Got:
[0, 0, -1977063955, 32761, 656, 0, -1976173408, 32761]
[66, 40, 81, 41, 12, 58, 21, 40]
operator[]: 66, 40, 81, 41, 12, 58, 21, 40
Out of range
[66, 40, 81, 41, 12, 58, 21, 40]

operator[]: 35, 43, 74, 43, 17, 4, 96, 62
Out of range
[35, 43, 74, 43, 17, 4, 96, 62]
4.375
5.375
9.25
5.375
2.125
0.5
12
7.75
[35, 43, 74, 43, 17, 4, 96, 62]

[, , , ]
[892, 448, 698, 259]
1784
896
1396
518
[892, 448, 698, 259]
# But expected:
[0, 0, 0, 0, 0, 0, 0, 0]
[66, 40, 81, 41, 12, 58, 21, 40]
operator[]: 66, 40, 81, 41, 12, 58, 21, 40
Out of range
[66, 40, 81, 41, 12, 58, 21, 40]

operator[]: 35, 43, 74, 43, 17, 4, 96, 62
Out of range
[35, 43, 74, 43, 17, 4, 96, 62]
4.375
5.375
9.25
5.375
2.125
0.5
12
7.75
[35, 43, 74, 43, 17, 4, 96, 62]

[, , , ]
[892, 448, 698, 259]
1784
896
1396
518
[892, 448, 698, 259]
# Test failed: invalid output.
